I
1000 Generated by WorldEditor

1    114 1 0 ZBNY Beijing Nanyuan
100 50.00 1 0 0.50 1 2 1 18  39.79533392  116.38537648  300   50 3 9 0 0 36  39.76649329  116.38747012    0    0 3 9 0 0
110 2 0.50 87.0000 Twy A
111  39.79317039  116.38582002
112  39.79351109  116.38606622  39.79366125  116.38625049
111  39.79362925  116.38644423
112  39.79432173  116.38639546  39.79456629  116.38638429
112  39.79470043  116.38720584  39.79457172  116.38756321
111  39.79447018  116.38782343 53 102
111  39.79152637  116.38808143 53 102
112  39.79123389  116.38761183  39.79121526  116.38717083 53 102
112  39.79119019  116.38645737  39.79118178  116.38601488 53 102
111  39.79141556  116.38593886
111  39.79062955  116.38599376 53 102
112  39.79099319  116.38651245  39.79102151  116.38694852 53 102
112  39.79104248  116.38761909  39.79105847  116.38805246 53 102
111  39.79073612  116.38809753 53 102
111  39.78793612  116.38832761 53 102
112  39.78764008  116.38790329  39.78761225  116.38746721 53 102
112  39.78757837  116.38675102  39.78756375  116.38632156 53 102
111  39.78783465  116.38619918
111  39.78699928  116.38626499 53 102
112  39.78741128  116.38676944  39.78744249  116.38723640 53 102
112  39.78747101  116.38791033  39.78748566  116.38834506 53 102
111  39.78724243  116.38836413 53 102
111  39.78517864  116.38851305 53 102
112  39.78480546  116.38805151  39.78479120  116.38761134 53 102
112  39.78476252  116.38692290  39.78475080  116.38655301 53 102
111  39.78507324  116.38639437
111  39.78420843  116.38644939 53 102
112  39.78460529  116.38692555  39.78462925  116.38729478 53 102
112  39.78465511  116.38807071  39.78466683  116.38848254 53 102
111  39.78431123  116.38857787 53 102
111  39.77690486  116.38912597 53 102
112  39.77665167  116.38869341  39.77663802  116.38834478 53 102
112  39.77660917  116.38760140  39.77659751  116.38724217 53 102
111  39.77691983  116.38698893
111  39.77609244  116.38705482 53 102
112  39.77647207  116.38761584  39.77648805  116.38797412 53 102
112  39.77650404  116.38872503  39.77651372  116.38906504 53 102
111  39.77628026  116.38915831 53 102
111  39.77362161  116.38935616 53 102
112  39.77331404  116.38895289  39.77329936  116.38855902 53 102
112  39.77329168  116.38831272  39.77329069  116.38809427
112  39.77369978  116.38788826  39.77397541  116.38785266
111  39.77466586  116.38778964
112  39.77478792  116.38737736  39.77489928  116.38717528
111  39.77500436  116.38713883
111  39.77281878  116.38728860 53 102
112  39.77288678  116.38874632  39.77290477  116.38938380 53 102
111  39.77262739  116.38944046 53 102
111  39.77062700  116.38957588 53 102
112  39.77034994  116.38914957  39.77033129  116.38878565 53 102
112  39.77029666  116.38795038  39.77028334  116.38757260 53 102
111  39.77047579  116.38746088
111  39.76984644  116.38750328 53 102
112  39.77010219  116.38796078  39.77012350  116.38833509 53 102
111  39.77016079  116.38920755 53 102
112  39.76995930  116.38963354  39.76977475  116.38964708 53 102
111  39.76949204  116.38966782 53 102
112  39.76923461  116.38963230  39.76900449  116.38956634 53 102
111  39.76705038  116.38897265 53 102
112  39.76680327  116.38865820  39.76672916  116.38840957 53 102
112  39.76679446  116.38804013  39.76684517  116.38779150 53 102
111  39.76707568  116.38771285
111  39.76651331  116.38774744 53 102
112  39.76656114  116.38866598  39.76658969  116.38900029 53 102
111  39.76690948  116.38921574 53 102
111  39.76919031  116.38989692 53 102
112  39.76941017  116.39022382  39.76942273  116.39046082
111  39.76945129  116.39107554
111  39.77395538  116.39076553
112  39.77392921  116.38998525  39.77391685  116.38956681 53 102
112  39.77424289  116.38996449  39.77425918  116.39039825
111  39.77424289  116.38996449
112  39.77424289  116.38996449  39.77424696  116.39003897
111  39.77419002  116.39002509
111  39.77421340  116.39054668
111  39.77427583  116.39054261
111  39.77431374  116.39124590 53 102
111  39.77641214  116.39107722 53 102
112  39.77636403  116.38978992  39.77634621  116.38940467 53 102
112  39.77667063  116.38973341  39.77669398  116.39012088
111  39.77671901  116.39059159 53 102
111  39.78271139  116.39016492 53 102
112  39.78266953  116.38917893  39.78266147  116.38898437 53 102
111  39.78280891  116.38895695 53 102
112  39.78311421  116.38892349  39.78323902  116.38891842 53 102
111  39.78326915  116.38917012
111  39.78595465  116.38894759 53 102
112  39.78609926  116.38870934  39.78626916  116.38869212
111  39.78609926  116.38870934
112  39.78609926  116.38870934  39.78614173  116.38870503 53 102
111  39.78693095  116.38863985
111  39.78780471  116.38857796 53 102
112  39.78822011  116.38855536  39.78830816  116.38855211
111  39.78822011  116.38855536
112  39.78822011  116.38855536  39.78857232  116.38854234 53 102
111  39.78855399  116.38897480
111  39.79481402  116.38836894 53 102
111  39.79533045  116.38698245 53 102
112  39.79538785  116.38653830  39.79537814  116.38621880 53 102
113  39.79533846  116.38564326
112  39.77719061  116.39014600  39.77719394  116.39021140
111  39.77719061  116.39014600
112  39.77719061  116.39014600  39.77720392  116.39040762
112  39.77686853  116.39016416  39.77685400  116.38990574
111  39.77686853  116.39016416
112  39.77686853  116.39016416  39.77686489  116.39009955
112  39.77683521  116.38960159  39.77683082  116.38953165
111  39.77683521  116.38960159
112  39.77683521  116.38960159  39.77681764  116.38932183 53 102
112  39.77715732  116.38956377  39.77717731  116.38985147
111  39.77715732  116.38956377
112  39.77715732  116.38956377  39.77716231  116.38963569
111  39.77716908  116.38972718
111  39.77712821  116.38973020
111  39.77714336  116.39003919
113  39.77718600  116.39003482
112  39.77491935  116.39064368  39.77492268  116.39071228
111  39.77491935  116.39064368
112  39.77491935  116.39064368  39.77493266  116.39091807 53 102
112  39.77451581  116.39065071  39.77450127  116.39037968
111  39.77451581  116.39065071
112  39.77451581  116.39065071  39.77451217  116.39058295
111  39.77450949  116.39053062
111  39.77455292  116.39052512
111  39.77452931  116.39000452
111  39.77448268  116.39000609
112  39.77447368  116.38982332  39.77446929  116.38974997
111  39.77447368  116.38982332
112  39.77447368  116.38982332  39.77445611  116.38952991 53 102
112  39.77487725  116.38979568  39.77489724  116.39009742
111  39.77487725  116.38979568
112  39.77487725  116.38979568  39.77488225  116.38987111
111  39.77488901  116.38996706
111  39.77484814  116.38997023
111  39.77487210  116.39053165
113  39.77491474  116.39052707
112  39.77555872  116.39061249  39.77556205  116.39068108
111  39.77555872  116.39061249
112  39.77555872  116.39061249  39.77557203  116.39088687 53 102
112  39.77515517  116.39061951  39.77514064  116.39034848
111  39.77515517  116.39061951
112  39.77515517  116.39061951  39.77515154  116.39055175
111  39.77514885  116.39049942
111  39.77519228  116.39049392
111  39.77516841  116.38994414
111  39.77512178  116.38994571
112  39.77511305  116.38979213  39.77510866  116.38971877
111  39.77511305  116.38979213
112  39.77511305  116.38979213  39.77509548  116.38949871 53 102
112  39.77551662  116.38976448  39.77553661  116.39006622
111  39.77551662  116.38976448
112  39.77551662  116.38976448  39.77552162  116.38983992
111  39.77552838  116.38993586
111  39.77548751  116.38993903
111  39.77551147  116.39050046
113  39.77555410  116.39049588
112  39.77617677  116.39057436  39.77618010  116.39064295
111  39.77617677  116.39057436
112  39.77617677  116.39057436  39.77619009  116.39084874 53 102
112  39.77577323  116.39058138  39.77575870  116.39031035
111  39.77577323  116.39058138
112  39.77577323  116.39058138  39.77576960  116.39051363
111  39.77576691  116.39046129
111  39.77581034  116.39045579
111  39.77578646  116.38990601
111  39.77573984  116.38990758
112  39.77573111  116.38975400  39.77572671  116.38968064
111  39.77573111  116.38975400
112  39.77573111  116.38975400  39.77571354  116.38946058 53 102
112  39.77613468  116.38972635  39.77615466  116.39002809
111  39.77613468  116.38972635
114  39.77613468  116.38972635  39.77613967  116.38980179 53 102
112  39.78212365  116.38979306  39.78212698  116.38985847
111  39.78212365  116.38979306
112  39.78212365  116.38979306  39.78213697  116.39005468
112  39.78180157  116.38981122  39.78178704  116.38955281
111  39.78180157  116.38981122
112  39.78180157  116.38981122  39.78179794  116.38974662
111  39.78179525  116.38969672
111  39.78183868  116.38969147
111  39.78182361  116.38939359
111  39.78177698  116.38939509
112  39.78176826  116.38924865  39.78176386  116.38917871
111  39.78176826  116.38924865
112  39.78176826  116.38924865  39.78175069  116.38896889 53 102
112  39.78209036  116.38921084  39.78211035  116.38949853
111  39.78209036  116.38921084
112  39.78209036  116.38921084  39.78209536  116.38928276
111  39.78210212  116.38937424
111  39.78206125  116.38937726
111  39.78207640  116.38968625
113  39.78211904  116.38968188
112  39.78123176  116.38984915  39.78123509  116.38991455
111  39.78123176  116.38984915
112  39.78123176  116.38984915  39.78124508  116.39011077
112  39.78090968  116.38986731  39.78089515  116.38960889
111  39.78090968  116.38986731
112  39.78090968  116.38986731  39.78090605  116.38980270
111  39.78090336  116.38975280
111  39.78094679  116.38974756
111  39.78093172  116.38944967
111  39.78088509  116.38945117
112  39.78087636  116.38930474  39.78087197  116.38923480
111  39.78087636  116.38930474
112  39.78087636  116.38930474  39.78085880  116.38902498 53 102
112  39.78119847  116.38926692  39.78121846  116.38955462
111  39.78119847  116.38926692
112  39.78119847  116.38926692  39.78120347  116.38933884
111  39.78121023  116.38943032
111  39.78116936  116.38943335
111  39.78118451  116.38974233
113  39.78122715  116.38973797
112  39.77988779  116.38995877  39.77989112  116.39002417
111  39.77988779  116.38995877
112  39.77988779  116.38995877  39.77990111  116.39022039
112  39.77956571  116.38997693  39.77955118  116.38971851
111  39.77956571  116.38997693
112  39.77956571  116.38997693  39.77956208  116.38991232
111  39.77955939  116.38986243
111  39.77960282  116.38985718
111  39.77958775  116.38955930
111  39.77954112  116.38956079
112  39.77953239  116.38941436  39.77952800  116.38934442
111  39.77953239  116.38941436
112  39.77953239  116.38941436  39.77951483  116.38913460 53 102
112  39.77985450  116.38937654  39.77987449  116.38966424
111  39.77985450  116.38937654
112  39.77985450  116.38937654  39.77985950  116.38944847
111  39.77986626  116.38953995
111  39.77982539  116.38954297
111  39.77984054  116.38985196
113  39.77988318  116.38984759
112  39.77854512  116.39005601  39.77854845  116.39012141
111  39.77854512  116.39005601
112  39.77854512  116.39005601  39.77855843  116.39031763
112  39.77822304  116.39007417  39.77820851  116.38981575
111  39.77822304  116.39007417
112  39.77822304  116.39007417  39.77821940  116.39000956
111  39.77821672  116.38995967
111  39.77826015  116.38995442
111  39.77824508  116.38965654
111  39.77819845  116.38965803
112  39.77818972  116.38951160  39.77818533  116.38944166
111  39.77818972  116.38951160
112  39.77818972  116.38951160  39.77817215  116.38923184 53 102
112  39.77851183  116.38947378  39.77853182  116.38976148
111  39.77851183  116.38947378
112  39.77851183  116.38947378  39.77851682  116.38954571
111  39.77852359  116.38963718
111  39.77848272  116.38964021
111  39.77849787  116.38994919
113  39.77854051  116.38994483
112  39.78166281  116.38981899  39.78166614  116.38988440
111  39.78166281  116.38981899
112  39.78166281  116.38981899  39.78167612  116.39008061
112  39.78134073  116.38983715  39.78132620  116.38957874
111  39.78134073  116.38983715
112  39.78134073  116.38983715  39.78133710  116.38977255
111  39.78133441  116.38972265
111  39.78137784  116.38971740
111  39.78136277  116.38941952
111  39.78131614  116.38942102
112  39.78130741  116.38927458  39.78130302  116.38920464
111  39.78130741  116.38927458
112  39.78130741  116.38927458  39.78128984  116.38899482 53 102
112  39.78162952  116.38923677  39.78164951  116.38952446
111  39.78162952  116.38923677
112  39.78162952  116.38923677  39.78163452  116.38930869
111  39.78164128  116.38940017
111  39.78160041  116.38940319
111  39.78161556  116.38971218
113  39.78165820  116.38970781
112  39.78077092  116.38987508  39.78077425  116.38994048
111  39.78077092  116.38987508
112  39.78077092  116.38987508  39.78078423  116.39013670
112  39.78044884  116.38989324  39.78043431  116.38963482
111  39.78044884  116.38989324
112  39.78044884  116.38989324  39.78044520  116.38982863
111  39.78044252  116.38977873
111  39.78048595  116.38977349
111  39.78047087  116.38947560
111  39.78042425  116.38947710
112  39.78041552  116.38933067  39.78041113  116.38926073
111  39.78041552  116.38933067
112  39.78041552  116.38933067  39.78039795  116.38905091 53 102
112  39.78073763  116.38929285  39.78075762  116.38958055
111  39.78073763  116.38929285
112  39.78073763  116.38929285  39.78074262  116.38936477
111  39.78074939  116.38945625
111  39.78070852  116.38945928
111  39.78072367  116.38976826
113  39.78076631  116.38976390
112  39.77942695  116.38998470  39.77943028  116.39005010
111  39.77942695  116.38998470
112  39.77942695  116.38998470  39.77944026  116.39024632
112  39.77910487  116.39000286  39.77909034  116.38974444
111  39.77910487  116.39000286
112  39.77910487  116.39000286  39.77910123  116.38993825
111  39.77909855  116.38988836
111  39.77914198  116.38988311
111  39.77912690  116.38958523
111  39.77908028  116.38958672
112  39.77907155  116.38944029  39.77906716  116.38937035
111  39.77907155  116.38944029
112  39.77907155  116.38944029  39.77905398  116.38916053 53 102
112  39.77939366  116.38940247  39.77941365  116.38969017
111  39.77939366  116.38940247
112  39.77939366  116.38940247  39.77939865  116.38947440
111  39.77940542  116.38956588
111  39.77936455  116.38956890
111  39.77937970  116.38987789
113  39.77942234  116.38987352
112  39.77808427  116.39008194  39.77808760  116.39014734
111  39.77808427  116.39008194
112  39.77808427  116.39008194  39.77809759  116.39034356
112  39.77776219  116.39010010  39.77774766  116.38984168
111  39.77776219  116.39010010
112  39.77776219  116.39010010  39.77775856  116.39003549
111  39.77775587  116.38998559
111  39.77779930  116.38998035
111  39.77778423  116.38968247
111  39.77773761  116.38968396
112  39.77772888  116.38953753  39.77772449  116.38946759
111  39.77772888  116.38953753
112  39.77772888  116.38953753  39.77771131  116.38925777 53 102
112  39.77805098  116.38949971  39.77807097  116.38978741
111  39.77805098  116.38949971
112  39.77805098  116.38949971  39.77805598  116.38957163
111  39.77806275  116.38966312
111  39.77802188  116.38966614
111  39.77803703  116.38997513
113  39.77807966  116.38997076
112  39.78033499  116.38991397  39.78033831  116.38997938
111  39.78033499  116.38991397
112  39.78033499  116.38991397  39.78034830  116.39017559
112  39.78001290  116.38993213  39.77999837  116.38967372
111  39.78001290  116.38993213
112  39.78001290  116.38993213  39.78000927  116.38986753
111  39.78000659  116.38981763
111  39.78005001  116.38981238
111  39.78003494  116.38951450
111  39.77998832  116.38951600
112  39.77997959  116.38936956  39.77997520  116.38929962
111  39.77997959  116.38936956
112  39.77997959  116.38936956  39.77996202  116.38908980 53 102
112  39.78030169  116.38933175  39.78032168  116.38961944
111  39.78030169  116.38933175
112  39.78030169  116.38933175  39.78030669  116.38940367
111  39.78031346  116.38949515
111  39.78027259  116.38949817
111  39.78028774  116.38980716
113  39.78033037  116.38980279
112  39.77899102  116.39002360  39.77899434  116.39008900
111  39.77899102  116.39002360
112  39.77899102  116.39002360  39.77900433  116.39028521
112  39.77866893  116.39004175  39.77865440  116.38978334
111  39.77866893  116.39004175
112  39.77866893  116.39004175  39.77866530  116.38997715
111  39.77866262  116.38992725
111  39.77870604  116.38992201
111  39.77869097  116.38962412
111  39.77864435  116.38962562
112  39.77863562  116.38947918  39.77863123  116.38940924
111  39.77863562  116.38947918
112  39.77863562  116.38947918  39.77861805  116.38919943 53 102
112  39.77895772  116.38944137  39.77897771  116.38972906
111  39.77895772  116.38944137
112  39.77895772  116.38944137  39.77896272  116.38951329
111  39.77896949  116.38960477
111  39.77892862  116.38960779
111  39.77894377  116.38991678
113  39.77898640  116.38991241
112  39.77764834  116.39012083  39.77765167  116.39018624
111  39.77764834  116.39012083
112  39.77764834  116.39012083  39.77766166  116.39038245
112  39.77732626  116.39013899  39.77731173  116.38988058
111  39.77732626  116.39013899
112  39.77732626  116.39013899  39.77732263  116.39007439
111  39.77731994  116.39002449
111  39.77736337  116.39001925
111  39.77734830  116.38972136
111  39.77730167  116.38972286
112  39.77729294  116.38957642  39.77728855  116.38950648
111  39.77729294  116.38957642
112  39.77729294  116.38957642  39.77727538  116.38929666 53 102
112  39.77761505  116.38953861  39.77763504  116.38982630
111  39.77761505  116.38953861
112  39.77761505  116.38953861  39.77762005  116.38961053
111  39.77762681  116.38970201
111  39.77758594  116.38970503
111  39.77760110  116.39001402
113  39.77764373  116.39000965
112  39.78256870  116.38975782  39.78257203  116.38982322
111  39.78256870  116.38975782
112  39.78256870  116.38975782  39.78258201  116.39001944 53 102
112  39.78224662  116.38977598  39.78223209  116.38951756
111  39.78224662  116.38977598
112  39.78224662  116.38977598  39.78224299  116.38971137
111  39.78224030  116.38966147
111  39.78228373  116.38965623
111  39.78226866  116.38935835
111  39.78222133  116.38936532
112  39.78221330  116.38921341  39.78220891  116.38914347
111  39.78221330  116.38921341
112  39.78221330  116.38921341  39.78219573  116.38893365 53 102
112  39.78253541  116.38917559  39.78255540  116.38946329
111  39.78253541  116.38917559
114  39.78253541  116.38917559  39.78254040  116.38924751 53 102
110 2 0.00 43.0000 Apron
111  39.78785661  116.38902510 53 102
112  39.78770204  116.38880763  39.78769237  116.38859369 53 102
111  39.78782306  116.38856443
111  39.78695097  116.38863539 53 102
112  39.78755881  116.38944955  39.78759656  116.39018042 53 102
111  39.78762866  116.39085533
111  39.79134757  116.39081110
111  39.79156561  116.39153401
111  39.79495145  116.39119625 53 102
113  39.79481770  116.38835395
110 2 0.00 87.0000 N Parking
111  39.79471431  116.39120681
111  39.79493629  116.39184959
111  39.79460970  116.39276241
111  39.79465232  116.39309872
111  39.79561137  116.39299471
111  39.79555186  116.39165323
112  39.79512954  116.39157769  39.79497342  116.39145525
113  39.79494740  116.39118820
130 Airport Boundary 1
111  39.79443392  116.39235554
111  39.79446151  116.39320537
111  39.79604621  116.39306769
111  39.79599555  116.39166471
111  39.79511115  116.39131317
111  39.79501333  116.38925214
111  39.79682295  116.38916942
111  39.79683967  116.38837508
111  39.79932285  116.38820098
111  39.79936465  116.38640554
111  39.79990961  116.38627963
111  39.79990961  116.38437138
111  39.79826402  116.38424417
111  39.79823143  116.38307802
111  39.77176755  116.38503150
111  39.77171378  116.38456520
111  39.76433042  116.38527950
111  39.76463423  116.39213950
111  39.78277330  116.39087847
111  39.78320525  116.38982755
111  39.78742243  116.38950736
111  39.78753118  116.39168315
111  39.79041079  116.39149234
113  39.79048578  116.39317546
120 Linear Feature 28
111  39.76655624  116.38859647 4 103
115  39.76676540  116.38856445
120 Linear Feature 27
111  39.77012117  116.38840963 4 103
115  39.77031041  116.38839542
120 Linear Feature 26
111  39.77288385  116.38832801 4 103
115  39.77328611  116.38830374
120 Linear Feature 25
111  39.77648697  116.38800537 4 103
115  39.77661291  116.38799277
120 Linear Feature 24
111  39.78463765  116.38753838 4 103
115  39.78477933  116.38752706
120 Linear Feature 23
111  39.78744356  116.38728788 4 103
115  39.78759389  116.38728059
120 Linear Feature 22
111  39.79101844  116.38690785 4 103
115  39.79119609  116.38689708
120 Linear Feature 21
111  39.79507550  116.38684285 4 103
115  39.79531820  116.38701762
120 Linear Feature 20
111  39.78950980  116.38834557 51 101
112  39.78974379  116.38879450  39.78975191  116.38920332 51 101
112  39.78976649  116.38952830  39.78977688  116.38980529 51 101
111  39.78996110  116.38980921 51 101
112  39.79144198  116.38969255  39.79167740  116.38967348 51 101
115  39.79167075  116.38936373
120 Linear Feature 19
111  39.78774511  116.38847654 51 101
116  39.78756474  116.38894733  39.78775374  116.38933460
120 Linear Feature 18
111  39.79020793  116.38829772 51 101
112  39.78976141  116.38876684  39.78956949  116.38916844 51 101
111  39.78939661  116.38916504 51 101
111  39.78794325  116.38928425 51 101
112  39.78756299  116.38894737  39.78738995  116.38858285 51 101
115  39.78722108  116.38851679
120 Linear Feature 17
112  39.79162957  116.38850168  39.79161468  116.38821459 51 101
115  39.79144626  116.38820854
120 Linear Feature 16
111  39.79183090  116.38818260 51 101
112  39.79162994  116.38850209  39.79164447  116.38878891 51 101
112  39.79168376  116.38962092  39.79170212  116.38991102 51 101
111  39.79195786  116.38992575 51 101
112  39.79458748  116.38969437  39.79477795  116.38967149 51 101
115  39.79477650  116.38938971
120 Linear Feature 15
112  39.79472944  116.38828014  39.79471183  116.38797067 51 101
115  39.79455845  116.38798700
120 Linear Feature 14
111  39.79482089  116.38786042 51 101
112  39.79473047  116.38827555  39.79474448  116.38856469 51 101
112  39.79486365  116.39115198  39.79487845  116.39154228 51 101
115  39.79516504  116.39189033
120 Linear Feature 13
112  39.77625001  116.38967008  39.77623460  116.38932919 51 101
115  39.77603057  116.38932437
120 Linear Feature 12
111  39.77644970  116.38929451 51 101
112  39.77625102  116.38966964  39.77626567  116.39000584 51 101
112  39.77630106  116.39063842  39.77630706  116.39084676 51 101
111  39.77616696  116.39089624 51 101
115  39.77451231  116.39102346
120 Linear Feature 11
112  39.78260645  116.38914384  39.78259487  116.38887263 51 101
115  39.78244512  116.38886139
120 Linear Feature 10
111  39.78277814  116.38883585 51 101
112  39.78260767  116.38914514  39.78261860  116.38941731 51 101
112  39.78263774  116.38984023  39.78264773  116.39004774 51 101
111  39.78247232  116.39007504 51 101
115  39.77694383  116.39045998
120 Linear Feature 9
111  39.76999830  116.38976014 51 101
116  39.77026086  116.38925968  39.77024468  116.38884404
120 Linear Feature 9
111  39.77284652  116.38955597 51 101
116  39.77310908  116.38905552  39.77309290  116.38863988
120 Linear Feature 9
111  39.77632624  116.38930118 51 101
116  39.77658880  116.38880072  39.77657261  116.38838508
120 Linear Feature 9
111  39.78447316  116.38871161 51 101
116  39.78473572  116.38821116  39.78471954  116.38779551
120 Linear Feature 9
111  39.78729340  116.38850693 51 101
116  39.78755596  116.38800648  39.78753978  116.38759083
120 Linear Feature 9
111  39.79088738  116.38825347 51 101
116  39.79114994  116.38775301  39.79113376  116.38733737
120 Linear Feature 8
111  39.77055168  116.38972073 51 101
112  39.77026093  116.38925928  39.77024674  116.38884397 51 101
115  39.77018646  116.38755652
120 Linear Feature 8
111  39.77339991  116.38951657 51 101
112  39.77310915  116.38905512  39.77309497  116.38863981 51 101
115  39.77303469  116.38735236
120 Linear Feature 8
111  39.77687962  116.38926177 51 101
112  39.77658887  116.38880032  39.77657468  116.38838501 51 101
115  39.77651440  116.38709756
120 Linear Feature 8
111  39.78502655  116.38867220 51 101
112  39.78473579  116.38821075  39.78472161  116.38779545 51 101
115  39.78466133  116.38650800
120 Linear Feature 8
111  39.78784678  116.38846752 51 101
112  39.78755603  116.38800607  39.78754184  116.38759076 51 101
115  39.78748156  116.38630331
120 Linear Feature 8
111  39.79143839  116.38821200 51 101
112  39.79115001  116.38775261  39.79113582  116.38733730 51 101
115  39.79107554  116.38604985
120 Linear Feature 7
111  39.79481097  116.38542303 51 101
112  39.79526627  116.38600929  39.79529049  116.38651676 51 101
111  39.79528807  116.38656719 51 101
112  39.79520330  116.38692336  39.79511612  116.38715976 51 101
112  39.79485572  116.38779724  39.79476877  116.38798866 51 101
111  39.79459816  116.38798023 51 101
111  39.76949644  116.38979713 51 101
112  39.76915044  116.38975035  39.76902952  116.38970975 51 101
111  39.76700325  116.38909571 51 101
112  39.76666977  116.38865935  39.76664637  116.38835997 51 101
112  39.76663467  116.38798447  39.76662687  116.38763435 51 101
115  39.76691940  116.38750749
120 Linear Feature 33
111  39.79480158  116.38571533 53 102
112  39.79511012  116.38610388  39.79512641  116.38640574 53 102
112  39.79508740  116.38679590  39.79503259  116.38696448 53 102
111  39.79478561  116.38756718 53 102
116  39.79448074  116.38782369  39.79425989  116.38783531
120 Linear Feature 34
111  39.77329118  116.38830348 53 102
112  39.77325967  116.38761406  39.77324732  116.38734084 53 102
115  39.77341201  116.38726317
120 Linear Feature 32
112  39.79205475  116.39015855  39.79203941  116.38992231 51
115  39.79217099  116.38990727
120 Linear Feature 32
112  39.79255722  116.39011728  39.79254188  116.38988104 51
115  39.79267346  116.38986600
120 Linear Feature 32
112  39.79302948  116.39007493  39.79301414  116.38983869 51
115  39.79314572  116.38982364
120 Linear Feature 32
112  39.79346206  116.39003818  39.79344672  116.38980193 51
115  39.79357830  116.38978689
120 Linear Feature 32
112  39.79387938  116.39000051  39.79386404  116.38976427 51
115  39.79399563  116.38974923
120 Linear Feature 32
112  39.79435161  116.38995705  39.79433627  116.38972081 51
115  39.79446821  116.38970835
120 Linear Feature 31
111  39.79207740  116.39048191 51
112  39.79205436  116.39015699  39.79203889  116.38994246 51
115  39.79191885  116.38991926
120 Linear Feature 31
111  39.79257637  116.39042815 51
112  39.79255683  116.39011572  39.79254135  116.38988073 51
115  39.79239583  116.38988999
120 Linear Feature 31
111  39.79304863  116.39038579 51
112  39.79302910  116.39007336  39.79301362  116.38983837 51
115  39.79286810  116.38984763
120 Linear Feature 31
111  39.79348121  116.39034904 51
112  39.79346167  116.39003661  39.79344619  116.38980162 51
115  39.79330067  116.38981088
120 Linear Feature 31
111  39.79389854  116.39031138 51
112  39.79387900  116.38999895  39.79386352  116.38976396 51
115  39.79371800  116.38977322
120 Linear Feature 31
111  39.79437113  116.39027050 51
112  39.79435159  116.38995807  39.79433611  116.38972308 51
115  39.79419059  116.38973234
120 Linear Feature 37
112  39.79129572  116.38839129  39.79147145  116.38838266 53 102
111  39.79151170  116.38861664 53 102
112  39.79153907  116.38929297  39.79154273  116.38950381 53 102
111  39.79139734  116.38950976 59
112  39.79006186  116.38962248  39.78992632  116.38963269 53 102
111  39.78989245  116.38945698 53 102
112  39.78988516  116.38895567  39.78988653  116.38875907
111  39.78988516  116.38895567
112  39.78988516  116.38895567  39.78987811  116.38877283 53 102
112  39.79003218  116.38863362  39.79010349  116.38853425 59
112  39.79025589  116.38845364  39.79034070  116.38844737
111  39.79025589  116.38845364
112  39.79025589  116.38845364  39.79042552  116.38844110 59
115  39.79129574  116.38839278
120 Linear Feature 35
111  39.79200288  116.38971566 53 102
112  39.79180992  116.38950638  39.79180329  116.38931652 53 102
111  39.79177245  116.38858167 53 102
112  39.79196243  116.38836031  39.79213153  116.38833442 59
112  39.79441800  116.38817516  39.79461030  116.38815790 53 102
111  39.79462949  116.38836074 53 102
111  39.79467749  116.38930687 53 102
114  39.79446828  116.38951738  39.79428592  116.38953896 59
120 Linear Feature 42
111  39.78875310  116.38895095 53 102
112  39.78893320  116.38852148  39.78913744  116.38850019 53 102
112  39.78942902  116.38848339  39.78960941  116.38846815 53 102
114  39.78946194  116.38888132  39.78923582  116.38889081 53 102
21  39.76931839  116.38669377 2 357.7100 3.0 PAPI
21  39.78979434  116.38641410 2 175.9100 3.0 PAPI
20  39.76648263  116.38862013 267.0628 0 2 {@R}_36_
20  39.77005314  116.38842675 267.0628 0 2 {@R}36-18
20  39.77279992  116.38834215 267.0628 0 2 {@R}36-18
20  39.77642927  116.38802384 267.0628 0 2 {@R}36-18
20  39.78456744  116.38754433 267.0628 0 2 {@R}36-18
20  39.78737306  116.38731060 267.0628 0 2 {@R}36-18
20  39.79094987  116.38691763 267.0628 0 2 {@R}36-18
20  39.79501623  116.38681706 295.4980 0 2 {@R}_18_
1300  39.79439871  116.39077217  84.27 gate heavy|jets|turboprops T2-6
1300  39.79393082  116.39083307  84.27 gate heavy|jets|turboprops T2-5
1300  39.79352282  116.39087935  84.27 gate heavy|jets|turboprops T2-4
1300  39.79307551  116.39093537  84.27 gate heavy|jets|turboprops T2-3
1300  39.79260222  116.39097958  84.27 gate heavy|jets|turboprops T2-2
1300  39.79211080  116.39099726  84.27 gate heavy|jets|turboprops T2-1
1300  39.79426806  116.38909305  84.27 gate heavy|jets|turboprops R8
1300  39.79383371  116.38912695  84.27 gate heavy|jets|turboprops R7
1300  39.79334632  116.38913989  84.27 gate heavy|jets|turboprops R6
1300  39.79270318  116.38923715  84.27 gate heavy|jets|turboprops R5
1300  39.79221630  116.38927547  84.27 gate heavy|jets|turboprops R4
1300  39.79112723  116.38928234  84.27 gate jets|turboprops R3
1300  39.79075183  116.38930374  84.27 gate jets|turboprops R2
1300  39.79031067  116.38928591  84.27 gate jets|turboprops R1
1300  39.79100208  116.39038051  89.17 gate heavy|jets|turboprops G4
1300  39.79055596  116.39040114  89.17 gate heavy|jets|turboprops G3
1300  39.79005064  116.39044986  89.17 gate heavy|jets|turboprops G2
1300  39.78958275  116.39046536  89.17 gate heavy|jets|turboprops G1
1300  39.79522753  116.39246904 266.96 gate heavy|jets|turboprops M1
1300  39.78081342  116.38952176 265.78 gate jets|turboprops MIL-13
1300  39.78036196  116.38953220 265.78 gate jets|turboprops MIL-12
1300  39.77946642  116.38961192 265.78 gate jets|turboprops MIL-10
1300  39.77902212  116.38962625 265.78 gate jets|turboprops MIL-9
1300  39.77813147  116.38970712 265.78 gate jets|turboprops MIL-7
1300  39.77563530  116.38995879 265.78 gate heavy|jets|turboprops MIL-3
1300  39.77500835  116.39002411 265.78 gate heavy|jets|turboprops MIL-2
1300  39.77436230  116.39005032 265.78 gate heavy|jets|turboprops MIL-1
19  39.79322802  116.38636969 0 WS
19  39.76854960  116.38804781 0 WS
54 11810 Tower
99
